Original,A,R,N,D,C,Q,E,G,H,I,L,K,M,F,P,S,T,W,Y,V
A,0.000000000,0.021824602,0.010664436,0.019239302,0.029553252,0.036288179,0.068231602,0.108719099,0.007362570,0.008547143,0.035949263,0.031808923,0.023676287,0.009849524,0.047598807,0.265500050,0.104632335,0.002001218,0.006863557,0.161689851
R,0.038048967,0.000000000,0.035729581,0.00744443,0.00782874,0.129586804,0.029495980,0.025326926,0.061410439,0.008935773,0.033856950,0.462631774,0.012578691,0.002524771,0.016578728,0.059451525,0.034926835,0.008108331,0.012157975,0.013376778
N,0.018437866,0.035432694,0.000000000,0.226862488,0.005762691,0.058236821,0.032668043,0.069440557,0.084918908,0.010027489,0.005711425,0.116735292,0.007173098,0.003190302,0.006002297,0.206644193,0.089810115,0.000461228,0.017609621,0.004874871
D,0.036189997,0.008032194,0.246825002,0.000000000,0.000937445,0.024715776,0.434833909,0.056117334,0.024007736,0.000769682,0.001730294,0.021173830,0.000679207,0.000853400,0.020122840,0.087920776,0.026286424,0.000417766,0.005345342,0.003041046
C,0.226777055,0.034457928,0.025576809,0.003824199,0.000000000,0.003983964,0.000288630,0.037611377,0.016500335,0.022964655,0.067819055,0.000987512,0.023634882,0.053875536,0.003825470,0.196355791,0.070213340,0.009317317,0.045872064,0.156114081
Q,0.061371325,0.125708476,0.056967242,0.0222216,0.000878055,0.000000000,0.236527379,0.012295743,0.086116737,0.003624056,0.046185507,0.167210473,0.030721125,0.001213842,0.022003306,0.059937963,0.046062889,0.002280830,0.007034064,0.011639388
E,0.097459007,0.024165885,0.026988997,0.330187457,0.000053726,0.199764130,0.000000000,0.023739789,0.011246711,0.003265558,0.008193355,0.138560711,0.004732557,0.000944452,0.021922594,0.044449746,0.038234622,0.001114910,0.004866047,0.020109746
G,0.324020487,0.043296477,0.119703551,0.088912826,0.014608043,0.021668112,0.049534418,0.000000000,0.013811931,0.001073255,0.008698725,0.038010217,0.006352404,0.007517008,0.017205668,0.211213105,0.013723357,0.006425945,0.003704408,0.010520063
H,0.025953404,0.124168239,0.173139627,0.044990086,0.007579905,0.179494896,0.027755814,0.016336260,0.000000000,0.006190533,0.033199334,0.041201373,0.009289008,0.026394638,0.020498395,0.055418213,0.028478088,0.006589597,0.165795109,0.007527481
I,0.008372044,0.00502049,0.005681068,0.000400795,0.002931411,0.002098965,0.002239399,0.000352734,0.001720179,0.000000000,0.290245112,0.007262080,0.069316907,0.033265381,0.002436389,0.002772458,0.038929171,0.000952147,0.005612588,0.520390682
L,0.039379534,0.021273153,0.003618697,0.00100763,0.009681407,0.029914791,0.006283563,0.003197198,0.010316802,0.324589857,0.000000000,0.011190476,0.182518369,0.138173632,0.013818619,0.014053975,0.020336935,0.009419124,0.012893743,0.148332495
K,0.043443676,0.36242364,0.092216151,0.015373678,0.000175762,0.135033260,0.132489448,0.017418523,0.015963364,0.010125771,0.013952293,0.000000000,0.015433259,0.001036187,0.017604466,0.046922442,0.062041446,0.000616692,0.004614843,0.013115097
M,0.057636301,0.017563918,0.010099886,0.000878992,0.007497943,0.044220057,0.008065697,0.005188645,0.006414857,0.172270585,0.405609860,0.027508223,0.000000000,0.049349536,0.002851790,0.013770067,0.069819675,0.005447638,0.010661101,0.085145228
F,0.024745467,0.003638361,0.004635957,0.001139814,0.017639172,0.001803193,0.001661207,0.006336637,0.018811839,0.085322264,0.316902022,0.001906080,0.050930858,0.000000000,0.005132126,0.027315251,0.010846548,0.036574093,0.328813620,0.055845490
P,0.223479166,0.044647346,0.016299928,0.050226278,0.002340625,0.061084157,0.072060374,0.027104779,0.027302095,0.011678231,0.059227722,0.060518230,0.005500169,0.009590868,0.000000000,0.196543985,0.073087626,0.002754965,0.007346085,0.049207372
S,0.261657761,0.033607443,0.117792986,0.046063961,0.02521848,0.034927755,0.030669160,0.069843058,0.015493754,0.002789481,0.012644091,0.033858836,0.005574713,0.010715040,0.041256064,0.000000000,0.241446009,0.002102149,0.009577437,0.004761822
T,0.137034389,0.026237735,0.068032451,0.018301889,0.011983659,0.035670936,0.035057750,0.006030557,0.010580584,0.052050901,0.024314681,0.059493286,0.037562888,0.005654247,0.020387620,0.320859328,0.000000000,0.001376482,0.006801989,0.122568629
W,0.032272023,0.07500093,0.004302046,0.003581501,0.019580724,0.021748245,0.012587378,0.034769793,0.030145723,0.015675633,0.138663332,0.007281531,0.036087554,0.234760409,0.009462519,0.034397441,0.016948780,0.000000000,0.243137765,0.029596672
Y,0.024234817,0.024623806,0.035963978,0.010033831,0.021107896,0.014685761,0.012029024,0.004388769,0.166072355,0.020232201,0.041561282,0.011930807,0.015463580,0.462125439,0.005524659,0.034313956,0.018338455,0.053236710,0.000000000,0.024132673
V,0.150853571,0.007158595,0.00263065,0.001508331,0.018981087,0.006421000,0.013135391,0.003293249,0.001992313,0.495669046,0.126336418,0.008959149,0.032632522,0.020738652,0.009778270,0.004507928,0.087314930,0.001712316,0.006376579,0.000000000
